in = 1.000000e+01
out = 6.666667e+00
v1#branch = -3.33333e-03
